1808
3560
22887
2954
22833
7738
30357
8909
15158
9211
30752
8963
29783
29334
10389
7693
14907
26403
13952
30427
22625
568
14058
27107
26304
21506
12575
31179
21418
28308
6069
5225
17654
21118
21193
1006
5214
2466
16268
94
27430
25667
18687
30020
16639
3167
32250
20387
16938
25407
18547
26671
24800
23884
10749
23997
5618
20516
8591
29689
5293
26349
7815
19031
30208
12522
9454
32588
7905
32331
1790
5053
26092
32586
22497
8888
15437
22899
31676
16738
24033
10051
30956
6960
19608
5621
28304
7770
6942
5529
21575
19597
19130
20326
26427
993
16502
22097
26718
2151